1000 4
0.033296 0.676925 0.943757 0.507151 
0.464158 0.956965 0.437072 0.260850 
0.299653 0.727204 0.160390 0.985758 
0.979605 0.400403 0.221824 0.176740 
0.218568 0.335374 0.918643 0.514779 
0.990861 0.476018 0.175994 0.335178 
0.550131 0.837139 0.123909 0.151184 
0.143501 0.599380 0.907435 0.434280 
0.434918 0.694943 0.347161 0.211470 
0.418779 0.602340 0.289298 0.637800 
0.833594 0.594936 0.370107 0.108823 
0.760428 0.633610 0.244210 0.142383 
0.698153 0.384450 0.646119 0.703302 
0.954119 0.597499 0.458591 0.206039 
0.696744 0.302386 0.184489 0.739551 
0.875732 0.434086 0.119166 0.472759 
0.407459 0.808377 0.978004 0.219774 
0.887793 0.563782 0.627581 0.197807 
0.021884 0.801817 0.341354 0.820844 
0.318558 0.797510 0.650089 0.302629 
0.152888 0.644559 0.497017 0.665130 
0.398356 0.115497 0.865451 0.699193 
0.748220 0.533205 0.351652 0.457791 
0.295749 0.870407 0.588229 0.357722 
0.988344 0.548580 0.031253 0.237458 
0.338580 0.882745 0.284892 0.548820 
0.768159 0.163818 0.736440 0.666002 
0.141753 0.419174 0.896239 0.555524 
0.351213 0.494809 0.334157 0.760836 
0.491583 0.347902 0.085845 0.865126 
0.513550 0.303649 0.672999 0.342761 
0.694384 0.083719 0.761300 0.305476 
0.740378 0.573185 0.100660 0.535297 
0.671835 0.734047 0.214178 0.620795 
0.754791 0.061295 0.600753 0.615429 
0.589508 0.470965 0.399744 0.206392 
0.945779 0.485214 0.208854 0.224601 
0.341265 0.441561 0.961685 0.450695 
0.600826 0.758163 0.186813 0.490278 
0.597861 0.019759 0.469872 0.593287 
0.688520 0.775247 0.235108 0.361218 
0.259429 0.610142 0.599322 0.484945 
0.244799 0.679199 0.526287 0.461501 
0.698172 0.423471 0.564211 0.544102 
0.292833 0.910666 0.354724 0.303192 
0.364052 0.696827 0.274194 0.649404 
0.049242 0.681913 0.662973 0.537717 
0.119299 0.365327 0.726916 0.869608 
0.084018 0.756883 0.921764 0.023374 
0.596052 0.221708 0.188915 0.962803 
0.324277 0.164131 0.766136 0.641896 
0.368383 0.483317 0.561905 0.366245 
0.260302 0.556764 0.748780 0.420026 
0.724698 0.603872 0.357269 0.316797 
0.014916 0.926108 0.574732 0.684819 
0.158859 0.560545 0.933105 0.392735 
0.410950 0.513116 0.497326 0.698397 
0.654330 0.302377 0.410794 0.616547 
0.274088 0.801900 0.463859 0.593751 
0.578826 0.495141 0.324654 0.806506 
0.844231 0.484624 0.298051 0.261439 
0.299974 0.833966 0.026761 0.875949 
0.358171 0.857160 0.450109 0.331092 
0.073658 0.850046 0.440876 0.449315 
0.105056 0.462789 0.903730 0.264403 
0.134094 0.763425 0.579181 0.421667 
0.882809 0.429868 0.575174 0.362871 
0.494345 0.632639 0.753282 0.081078 
0.797652 0.408368 0.445513 0.215160 
0.203220 0.991489 0.564520 0.183595 
0.455533 0.504313 0.227030 0.957002 
0.739008 0.693527 0.396221 0.304448 
0.520939 0.812409 0.567612 0.281949 
0.115358 0.740395 0.845641 0.232039 
0.111969 0.703303 0.123683 0.966190 
0.263669 0.370571 0.593646 0.762426 
0.402558 0.698533 0.345416 0.420703 
0.663946 0.043785 0.743296 0.533164 
0.326345 0.675612 0.917076 0.062584 
0.782132 0.882065 0.169623 0.235263 
0.436573 0.053268 0.650211 0.820639 
0.887207 0.513742 0.454219 0.121281 
0.011703 0.613100 0.909629 0.607082 
0.904039 0.613916 0.664311 0.328115 
0.863363 0.431900 0.370117 0.464323 
0.770055 0.160431 0.392932 0.362164 
0.923869 0.132393 0.793756 0.132365 
0.341295 0.214478 0.501083 0.647331 
0.541800 0.702082 0.084330 0.742497 
0.815554 0.146453 0.426219 0.456589 
0.413448 0.666031 0.546573 0.532268 
0.402932 0.470419 0.667420 0.708331 
0.619598 0.492593 0.462834 0.720900 
0.006516 0.867381 0.621159 0.680106 
0.772041 0.701864 0.524167 0.164523 
0.704941 0.674896 0.049451 0.598986 
0.673419 0.250502 0.698334 0.605139 
0.753831 0.729362 0.222701 0.457114 
0.886056 0.411050 0.697460 0.100340 
0.269032 0.668253 0.527469 0.643393 
0.433022 0.388128 0.415773 0.419715 
0.224961 0.673666 0.184427 0.744449 
0.353313 0.637661 0.845660 0.303676 
0.290627 0.734555 0.687261 0.604055 
0.693630 0.641991 0.297911 0.352815 
0.455589 0.642991 0.504726 0.305301 
0.087622 0.936035 0.607307 0.638142 
0.115553 0.831155 0.552426 0.650851 
0.515920 0.838219 0.225191 0.322308 
0.967197 0.170832 0.208184 0.505802 
0.725433 0.158932 0.196099 0.627876 
0.408727 0.358403 0.857638 0.647071 
0.941862 0.734448 0.294420 0.117832 
0.345790 0.651630 0.313603 0.555495 
0.459263 0.294835 0.947336 0.252018 
0.733441 0.731383 0.167006 0.160981 
0.382902 0.447558 0.509034 0.744305 
0.979922 0.109115 0.529419 0.091964 
0.114905 0.972443 0.228989 0.759095 
0.400879 0.349050 0.954552 0.187878 
0.726448 0.208818 0.933067 0.195682 
0.070324 0.540737 0.283373 0.968629 
0.198175 0.254744 0.633933 0.992275 
0.210582 0.805040 0.250093 0.805497 
0.548554 0.396316 0.007854 0.852981 
0.466412 0.099812 0.726758 0.752444 
0.661342 0.317718 0.405313 0.716712 
0.309342 0.702319 0.947752 0.150689 
0.864452 0.258191 0.384323 0.724394 
0.425101 0.671481 0.201425 0.729514 
0.699739 0.497304 0.388673 0.583693 
0.496829 0.415271 0.742092 0.430560 
0.669425 0.915791 0.260212 0.466832 
0.689138 0.615417 0.232446 0.366711 
0.136085 0.741154 0.436279 0.658629 
0.747480 0.127905 0.599311 0.216962 
0.637702 0.656379 0.535571 0.156949 
0.788664 0.470913 0.427483 0.166277 
0.516498 0.381821 0.439728 0.786914 
0.864400 0.164300 0.231774 0.952739 
0.914078 0.030118 0.288752 0.910127 
0.512001 0.848593 0.254009 0.218304 
0.401199 0.771439 0.233434 0.636427 
0.510639 0.629551 0.043734 0.839956 
0.484879 0.758260 0.574486 0.288471 
0.630795 0.425883 0.926860 0.128608 
0.588302 0.366924 0.763410 0.167160 
0.281647 0.547572 0.246820 0.679818 
0.535790 0.508374 0.453950 0.297011 
0.667381 0.442630 0.740987 0.090558 
0.476354 0.222556 0.974344 0.929477 
0.397550 0.412194 0.740121 0.250796 
0.472920 0.821001 0.298708 0.443204 
0.320170 0.857269 0.670916 0.249974 
0.600579 0.343779 0.435151 0.529983 
0.113240 0.640063 0.857117 0.513165 
0.278124 0.325892 0.967458 0.157470 
0.230273 0.747626 0.715413 0.462160 
0.868404 0.006778 0.254607 0.676036 
0.021432 0.669039 0.297770 0.803342 
0.899751 0.325348 0.743892 0.015821 
0.187112 0.779805 0.381959 0.364007 
0.392118 0.598108 0.164862 0.620319 
0.910162 0.570439 0.484571 0.037827 
0.201476 0.486372 0.451588 0.846884 
0.773321 0.250920 0.345685 0.504408 
0.255154 0.073479 0.886849 0.673535 
0.739495 0.029962 0.892353 0.392677 
0.040572 0.224294 0.983701 0.652415 
0.508521 0.777357 0.449656 0.324362 
0.701813 0.925143 0.233296 0.160557 
0.732616 0.641897 0.333720 0.393544 
0.748981 0.704457 0.220185 0.214239 
0.519170 0.940957 0.333888 0.561963 
0.151903 0.763282 0.668826 0.432799 
0.092898 0.913479 0.442288 0.516624 
0.482034 0.791548 0.392009 0.409440 
0.468400 0.143228 0.334775 0.977335 
0.894902 0.460262 0.434441 0.219822 
0.727228 0.673527 0.570808 0.086678 
0.187625 0.188789 0.653193 0.910874 
0.992709 0.005370 0.482723 0.371110 
0.530025 0.226861 0.756590 0.372873 
0.509566 0.478836 0.190846 0.760951 
0.728274 0.724480 0.669848 0.160610 
0.179538 0.968965 0.025687 0.736138 
0.373015 0.286575 0.696884 0.767297 
0.955951 0.272800 0.601633 0.160546 
0.510646 0.508576 0.827194 0.189058 
0.638474 0.295111 0.926071 0.341584 
0.424602 0.128286 0.993358 0.337800 
0.862624 0.777247 0.404340 0.102169 
0.550391 0.669000 0.351234 0.592294 
0.659637 0.810094 0.493379 0.011246 
0.595747 0.962068 0.659498 0.075326 
0.625298 0.300957 0.344576 0.483100 
0.156152 0.651743 0.935147 0.293911 
0.544273 0.198130 0.571430 0.600401 
0.481748 0.703373 0.426029 0.500780 
0.978198 0.603597 0.111086 0.489806 
0.871058 0.241757 0.472314 0.426033 
0.852522 0.344630 0.379043 0.291375 
0.847429 0.218300 0.203364 0.496587 
0.581903 0.738873 0.185230 0.255161 
0.965082 0.834216 0.002767 0.261008 
0.535917 0.154052 0.449038 0.818594 
0.302047 0.667419 0.511395 0.737464 
0.221094 0.166376 0.459886 0.966036 
0.854860 0.032421 0.634536 0.753351 
0.732292 0.257578 0.060815 0.796955 
0.070615 0.281154 0.811201 0.705777 
0.012129 0.998856 0.487053 0.386962 
0.121866 0.049394 0.910393 0.747124 
0.885751 0.205884 0.227350 0.728402 
0.681983 0.357963 0.004795 0.927299 
0.584995 0.358305 0.141967 0.918535 
0.869453 0.245867 0.284577 0.573090 
0.835060 0.151851 0.955094 0.173225 
0.847036 0.439107 0.060749 0.721994 
0.722663 0.147947 0.865499 0.289886 
0.392566 0.567506 0.896239 0.248968 
0.502373 0.663386 0.678369 0.077863 
0.429709 0.353982 0.867426 0.110199 
0.282207 0.785114 0.642608 0.383756 
0.221493 0.350776 0.881498 0.714085 
0.448382 0.452620 0.419281 0.611967 
0.432631 0.721909 0.328837 0.389632 
0.135612 0.810920 0.255300 0.528101 
0.400832 0.548838 0.084102 0.813609 
0.147979 0.349359 0.289165 0.868120 
0.549703 0.377452 0.273425 0.650449 
0.911606 0.884821 0.016749 0.261823 
0.625501 0.075100 0.823214 0.599922 
0.402587 0.692547 0.544304 0.410635 
0.391595 0.925407 0.022337 0.357721 
0.179756 0.946769 0.823393 0.143960 
0.553379 0.261652 0.161415 0.980581 
0.512450 0.754080 0.740211 0.055236 
0.843861 0.010872 0.774711 0.618135 
0.799277 0.647109 0.099837 0.504887 
0.314141 0.241841 0.738036 0.755592 
0.670464 0.576396 0.288246 0.186317 
0.690186 0.198431 0.491357 0.692352 
0.663555 0.557121 0.229933 0.456933 
0.370542 0.783260 0.388934 0.475683 
0.151600 0.507472 0.433677 0.548091 
0.878628 0.361391 0.565581 0.005774 
0.546576 0.119057 0.256248 0.765929 
0.208702 0.727968 0.883744 0.255257 
0.441942 0.662604 0.686710 0.134175 
0.631721 0.533065 0.372543 0.457258 
0.582266 0.040170 0.753327 0.707904 
0.750563 0.442108 0.307718 0.649163 
0.755879 0.634781 0.574544 0.277941 
0.963046 0.291092 0.732179 0.208828 
0.706530 0.932168 0.326082 0.031448 
0.457928 0.155897 0.918808 0.334602 
0.868688 0.306493 0.387056 0.657755 
0.843772 0.200420 0.328399 0.584536 
0.446936 0.486469 0.939325 0.148914 
0.231815 0.697797 0.664689 0.414738 
0.183800 0.373935 0.645427 0.645944 
0.179051 0.919794 0.612822 0.238539 
0.604015 0.065627 0.775976 0.375082 
0.093559 0.421487 0.277826 0.980174 
0.496342 0.068147 0.457638 0.893003 
0.982638 0.801257 0.148449 0.003164 
0.566950 0.242619 0.789425 0.608262 
0.065668 0.774634 0.853754 0.480994 
0.206061 0.772370 0.524793 0.247722 
0.681428 0.293135 0.388678 0.548394 
0.455925 0.866939 0.582219 0.285538 
0.441983 0.463550 0.544308 0.529667 
0.189967 0.594424 0.898825 0.473668 
0.619060 0.945382 0.330810 0.118206 
0.233472 0.781919 0.108126 0.986534 
0.194579 0.457461 0.462023 0.863484 
0.955243 0.287776 0.456961 0.275874 
0.558894 0.930857 0.252975 0.466815 
0.456285 0.171254 0.873279 0.233167 
0.303384 0.574211 0.234073 0.554429 
0.480085 0.462012 0.629949 0.379991 
0.307596 0.940283 0.099668 0.510557 
0.437482 0.746410 0.330756 0.564927 
0.427596 0.592405 0.981312 0.246968 
0.492864 0.537078 0.943634 0.278233 
0.946228 0.338098 0.399867 0.379623 
0.980407 0.085375 0.875666 0.124295 
0.571762 0.727329 0.540172 0.025806 
0.242708 0.334928 0.532571 0.829872 
0.603244 0.776896 0.072338 0.732195 
0.642139 0.953125 0.107160 0.466935 
0.396692 0.604262 0.979250 0.369562 
0.311170 0.438513 0.704864 0.429759 
0.061394 0.803249 0.566306 0.441059 
0.657700 0.082156 0.648009 0.468862 
0.765825 0.334792 0.778630 0.502732 
0.493707 0.266848 0.388712 0.318588 
0.607133 0.198212 0.942487 0.182216 
0.286719 0.466838 0.607598 0.602622 
0.168077 0.596268 0.736680 0.437037 
0.471236 0.316719 0.415123 0.922690 
0.230581 0.353758 0.988839 0.380418 
0.823155 0.413407 0.037239 0.428811 
0.556676 0.306891 0.731737 0.396670 
0.454548 0.812840 0.408207 0.292154 
0.527777 0.560601 0.379431 0.429064 
0.496900 0.405852 0.924964 0.123107 
0.138998 0.409330 0.596598 0.786906 
0.258537 0.941046 0.228922 0.574124 
0.315752 0.339681 0.454065 0.619838 
0.742697 0.507087 0.498130 0.099694 
0.402522 0.220027 0.700114 0.560332 
0.979447 0.198234 0.133381 0.856374 
0.751075 0.803862 0.133576 0.439424 
0.570869 0.541271 0.583771 0.486997 
0.844259 0.117468 0.667292 0.296905 
0.147762 0.426144 0.634756 0.810688 
0.915734 0.437332 0.186058 0.426602 
0.588114 0.837076 0.272076 0.250303 
0.793969 0.076288 0.786987 0.501332 
0.410441 0.503328 0.586402 0.547182 
0.185472 0.229027 0.554977 0.905086 
0.376870 0.581651 0.858406 0.302704 
0.454521 0.591615 0.279084 0.534668 
0.566893 0.221304 0.380269 0.984837 
0.683295 0.184258 0.892127 0.409419 
0.774049 0.342313 0.782773 0.056705 
0.121864 0.582378 0.370199 0.964065 
0.326900 0.825032 0.441485 0.620809 
0.425807 0.392673 0.711822 0.473643 
0.620617 0.487653 0.046076 0.594475 
0.648513 0.209961 0.735594 0.701950 
0.912073 0.496521 0.223393 0.125159 
0.586856 0.771290 0.665767 0.110394 
0.367308 0.898771 0.916922 0.083550 
0.779227 0.612193 0.103337 0.456372 
0.550112 0.655179 0.811069 0.005216 
0.498403 0.494892 0.626775 0.493972 
0.452505 0.840849 0.093274 0.680540 
0.476536 0.346783 0.868351 0.205115 
0.961021 0.097763 0.469659 0.526709 
0.047107 0.603872 0.874436 0.490695 
0.451833 0.027962 0.922534 0.589419 
0.208240 0.605035 0.748611 0.515546 
0.528076 0.739377 0.141022 0.549436 
0.873349 0.338319 0.034944 0.421502 
0.187281 0.910337 0.436119 0.370127 
0.349045 0.459411 0.835752 0.314602 
0.251665 0.593646 0.126993 0.955304 
0.125845 0.817640 0.794220 0.072369 
0.380798 0.344913 0.569568 0.565216 
0.279525 0.884997 0.987568 0.063699 
0.584107 0.040158 0.942342 0.537824 
0.537494 0.462988 0.730148 0.726982 
0.797074 0.515178 0.381301 0.605675 
0.826498 0.266064 0.142496 0.548255 
0.530844 0.349897 0.448093 0.619466 
0.749448 0.360903 0.306908 0.890722 
0.527341 0.293703 0.483736 0.411582 
0.435521 0.662647 0.100494 0.991837 
0.737478 0.118325 0.153216 0.509798 
0.584480 0.395711 0.820221 0.578462 
0.974822 0.571468 0.315497 0.358060 
0.495166 0.759677 0.150198 0.514406 
0.955950 0.000427 0.790518 0.319765 
0.279992 0.785401 0.685177 0.045639 
0.854130 0.627457 0.017631 0.375316 
0.539055 0.654234 0.684795 0.486787 
0.700886 0.431057 0.579202 0.333790 
0.826302 0.539340 0.802322 0.104999 
0.258655 0.894576 0.029911 0.592476 
0.235266 0.764587 0.311969 0.676654 
0.859224 0.176290 0.101282 0.734955 
0.589609 0.258776 0.235949 0.946174 
0.819298 0.128084 0.298778 0.661133 
0.353990 0.474198 0.266506 0.677075 
0.029921 0.682289 0.614068 0.595352 
0.494656 0.386417 0.703628 0.147231 
0.131609 0.757309 0.100985 0.979395 
0.810170 0.587775 0.594497 0.353109 
0.624045 0.961938 0.167351 0.221349 
0.726129 0.271565 0.518120 0.757337 
0.917292 0.345311 0.296230 0.231587 
0.554485 0.664077 0.637178 0.352379 
0.033052 0.440435 0.671569 0.688442 
0.523194 0.516181 0.525851 0.484585 
0.244207 0.886305 0.286129 0.670549 
0.554561 0.005247 0.322776 0.962754 
0.795392 0.584513 0.225086 0.639075 
0.626167 0.427201 0.999673 0.160334 
0.573812 0.757056 0.246105 0.505005 
0.369822 0.467202 0.410317 0.761591 
0.320839 0.486315 0.288726 0.819002 
0.116781 0.133354 0.822432 0.886650 
0.366857 0.732292 0.863954 0.037170 
0.249341 0.509225 0.596414 0.628319 
0.237089 0.829746 0.677091 0.280283 
0.273281 0.155433 0.522218 0.827517 
0.402608 0.969770 0.428099 0.031483 
0.220771 0.850686 0.727263 0.073785 
0.208354 0.380727 0.901225 0.582152 
0.881752 0.847603 0.032470 0.158129 
0.440908 0.608773 0.066233 0.658440 
0.427480 0.009761 0.608884 0.774413 
0.823526 0.013731 0.879635 0.219452 
0.066258 0.516808 0.455426 0.744562 
0.090918 0.620202 0.924980 0.260454 
0.727641 0.456160 0.304620 0.383307 
0.531105 0.252786 0.735704 0.247340 
0.619765 0.089625 0.969281 0.317063 
0.799022 0.508190 0.348451 0.397301 
0.028303 0.710171 0.398506 0.882141 
0.663234 0.299627 0.733212 0.301447 
0.500699 0.803406 0.934484 0.232230 
0.314350 0.789117 0.061795 0.486583 
0.294697 0.289658 0.607375 0.507954 
0.251983 0.245321 0.785274 0.490080 
0.138849 0.203540 0.848404 0.869134 
0.139218 0.872589 0.791541 0.336268 
0.986268 0.364381 0.587519 0.425853 
0.561496 0.744997 0.593657 0.326077 
0.513966 0.729133 0.213497 0.353418 
0.277846 0.927416 0.341908 0.198526 
0.020406 0.690149 0.593127 0.323358 
0.624780 0.617201 0.944284 0.115761 
0.506134 0.556771 0.390928 0.440742 
0.851328 0.226823 0.577092 0.161419 
0.945134 0.118432 0.124455 0.915937 
0.481864 0.469354 0.459888 0.511539 
0.744401 0.031831 0.874091 0.332314 
0.556843 0.447644 0.128955 0.783913 
0.610149 0.154070 0.422222 0.795232 
0.086648 0.413835 0.646348 0.874294 
0.132580 0.253462 0.872563 0.825525 
0.510400 0.368546 0.004544 0.858095 
0.115031 0.571510 0.567111 0.655955 
0.737975 0.776256 0.376469 0.051742 
0.177604 0.250758 0.768207 0.509880 
0.516861 0.739108 0.198770 0.365449 
0.390591 0.748857 0.413850 0.614341 
0.465855 0.484611 0.839263 0.114832 
0.248249 0.594102 0.367198 0.715274 
0.456527 0.638287 0.356524 0.295099 
0.346570 0.703967 0.961506 0.017166 
0.541558 0.478869 0.672924 0.353419 
0.632563 0.267820 0.781457 0.331739 
0.079272 0.704959 0.476667 0.727402 
0.339862 0.562377 0.815238 0.484336 
0.340627 0.392326 0.151321 0.979877 
0.107376 0.236937 0.818478 0.750152 
0.252359 0.936214 0.450562 0.452070 
0.541786 0.747495 0.417335 0.082472 
0.420022 0.548347 0.561234 0.422137 
0.518879 0.822332 0.169572 0.715782 
0.219596 0.639389 0.216934 0.754166 
0.001836 0.542828 0.448013 0.877927 
0.423149 0.474901 0.868410 0.455815 
0.748913 0.132855 0.487521 0.782494 
0.727026 0.196925 0.385733 0.582402 
0.207303 0.391235 0.384737 0.874915 
0.164877 0.845239 0.394459 0.608348 
0.597343 0.266366 0.617691 0.637268 
0.502900 0.793917 0.284088 0.259453 
0.426539 0.381185 0.397611 0.937185 
0.524411 0.306499 0.667312 0.588417 
0.105108 0.980179 0.122642 0.740806 
0.901057 0.452040 0.857372 0.135308 
0.291020 0.581854 0.653352 0.521146 
0.142055 0.726928 0.206271 0.842841 
0.630927 0.553307 0.104484 0.525727 
0.838968 0.481340 0.855326 0.123583 
0.975335 0.648909 0.052164 0.178083 
0.076819 0.887972 0.068109 0.781446 
0.615629 0.165308 0.584907 0.311236 
0.385991 0.296483 0.952075 0.266766 
0.436825 0.070062 0.867369 0.540024 
0.185381 0.757225 0.824376 0.240468 
0.632770 0.394151 0.105268 0.738136 
0.425623 0.507458 0.541571 0.406758 
0.822337 0.568239 0.593548 0.277607 
0.193798 0.722887 0.783843 0.320280 
0.453684 0.706266 0.554787 0.250671 
0.886679 0.111374 0.695652 0.091084 
0.202098 0.439534 0.615250 0.410573 
0.868710 0.105965 0.447586 0.383455 
0.934591 0.094690 0.591029 0.430929 
0.508646 0.271693 0.865355 0.329902 
0.397072 0.740598 0.769240 0.304668 
0.865700 0.155776 0.446119 0.713378 
0.590525 0.729266 0.766520 0.142683 
0.636262 0.629143 0.317216 0.263373 
0.183041 0.507158 0.354504 0.602194 
0.867297 0.277349 0.689443 0.082906 
0.845116 0.586898 0.110418 0.763011 
0.690897 0.423389 0.832240 0.040485 
0.866363 0.565740 0.079948 0.921087 
0.232342 0.569775 0.811532 0.559665 
0.187643 0.643803 0.633492 0.197818 
0.365484 0.639485 0.747425 0.013311 
0.845790 0.398439 0.369087 0.291544 
0.255042 0.380098 0.612231 0.804751 
0.303101 0.936441 0.355170 0.148730 
0.481738 0.638953 0.325304 0.445237 
0.590354 0.656897 0.707036 0.023225 
0.311510 0.382599 0.647825 0.321741 
0.281232 0.654748 0.508037 0.296539 
0.274732 0.457581 0.594012 0.720187 
0.547014 0.591009 0.152132 0.597879 
0.602485 0.746119 0.367833 0.506278 
0.133760 0.421599 0.784365 0.689988 
0.252683 0.810077 0.355576 0.403702 
0.659375 0.461934 0.553230 0.421053 
0.923392 0.206874 0.822374 0.151271 
0.332820 0.616398 0.330165 0.688276 
0.456140 0.390803 0.122809 0.821832 
0.150648 0.917260 0.035658 0.675750 
0.460605 0.797216 0.471586 0.528799 
0.737014 0.493880 0.439715 0.147220 
0.414738 0.510073 0.463261 0.615916 
0.364251 0.532463 0.321996 0.464629 
0.383825 0.401136 0.401700 0.688706 
0.180358 0.965662 0.370387 0.526653 
0.359506 0.561997 0.334237 0.674037 
0.823009 0.135710 0.757862 0.166995 
0.338934 0.666308 0.967398 0.365385 
0.501278 0.529490 0.866123 0.056590 
0.313862 0.186538 0.948794 0.608461 
0.340705 0.810430 0.278645 0.362652 
0.197113 0.430382 0.423027 0.368303 
0.402748 0.793429 0.855187 0.064129 
0.531256 0.601543 0.416602 0.468180 
0.469115 0.127641 0.422600 0.927417 
0.162004 0.994365 0.431751 0.597630 
0.622091 0.097313 0.706910 0.731960 
0.098219 0.499083 0.689056 0.609456 
0.765917 0.299961 0.141569 0.641643 
0.696320 0.233238 0.237126 0.899165 
0.375620 0.563671 0.323780 0.908928 
0.265785 0.388923 0.297474 0.966200 
0.146371 0.997445 0.088771 0.679392 
0.683510 0.189719 0.976568 0.095328 
0.698179 0.325743 0.665725 0.363289 
0.413104 0.790792 0.516227 0.004845 
0.627014 0.095334 0.643764 0.540394 
0.129865 0.798214 0.368279 0.532067 
0.358403 0.316554 0.541395 0.634484 
0.850290 0.630682 0.231551 0.098382 
0.349012 0.617054 0.601448 0.289197 
0.431310 0.540413 0.309736 0.634171 
0.291497 0.180179 0.781346 0.426412 
0.300226 0.673528 0.360556 0.702220 
0.353870 0.383057 0.431674 0.925251 
0.570736 0.278704 0.559062 0.543026 
0.804784 0.238405 0.765858 0.167956 
0.444871 0.854190 0.586208 0.372324 
0.562072 0.591357 0.163738 0.493836 
0.825071 0.137158 0.273942 0.938737 
0.567487 0.417073 0.286047 0.650642 
0.390080 0.899760 0.390545 0.190216 
0.784644 0.226197 0.268972 0.657904 
0.780291 0.396575 0.509641 0.115194 
0.861419 0.331742 0.309519 0.270581 
0.409120 0.748168 0.792171 0.189190 
0.494889 0.423253 0.247360 0.484858 
0.382413 0.962402 0.134170 0.571372 
0.025344 0.937042 0.951883 0.181199 
0.872096 0.390691 0.124507 0.538120 
0.770830 0.935072 0.141997 0.138934 
0.757916 0.050960 0.816186 0.070068 
0.627202 0.232402 0.373966 0.787771 
0.620654 0.144575 0.892347 0.825691 
0.571128 0.694847 0.250527 0.785635 
0.244668 0.994597 0.384316 0.648864 
0.277047 0.751300 0.392550 0.372931 
0.533902 0.235327 0.566289 0.599160 
0.547359 0.643581 0.148101 0.590114 
0.547806 0.481131 0.150680 0.641749 
0.373505 0.907331 0.674109 0.514732 
0.625933 0.119815 0.536119 0.967441 
0.078218 0.449452 0.881043 0.614615 
0.295824 0.227926 0.699566 0.674668 
0.563377 0.062525 0.839506 0.740039 
0.788052 0.639728 0.180017 0.339619 
0.112245 0.882145 0.217884 0.665831 
0.656120 0.762480 0.376256 0.209894 
0.263529 0.769505 0.560742 0.208302 
0.759737 0.468079 0.238227 0.479080 
0.803143 0.031801 0.564566 0.683087 
0.193133 0.898377 0.475130 0.555510 
0.524514 0.217199 0.735234 0.012425 
0.605803 0.335375 0.694847 0.573847 
0.234088 0.795549 0.700033 0.034072 
0.077980 0.855066 0.715732 0.338397 
0.739253 0.579756 0.357371 0.349878 
0.341921 0.276596 0.649532 0.965335 
0.689862 0.658059 0.297745 0.658733 
0.828812 0.150823 0.304206 0.955976 
0.344070 0.347976 0.709355 0.280608 
0.795219 0.185495 0.495303 0.743877 
0.439995 0.439408 0.161701 0.671670 
0.439247 0.442266 0.427263 0.686554 
0.597620 0.217985 0.908876 0.630497 
0.578915 0.130829 0.340777 0.684789 
0.806858 0.784584 0.112052 0.274656 
0.546056 0.407873 0.439983 0.458338 
0.903616 0.411408 0.569330 0.337445 
0.092689 0.316295 0.835960 0.915977 
0.991919 0.499282 0.032316 0.447942 
0.256721 0.534119 0.454137 0.686057 
0.400330 0.572640 0.704920 0.533154 
0.787105 0.604283 0.660263 0.126327 
0.527656 0.474678 0.488981 0.571735 
0.956510 0.774150 0.033114 0.418040 
0.480725 0.372740 0.286596 0.946278 
0.886197 0.307277 0.451252 0.530946 
0.248447 0.734013 0.375870 0.556934 
0.440847 0.743967 0.426935 0.191074 
0.415768 0.681559 0.204649 0.607537 
0.015183 0.687844 0.901211 0.580566 
0.814077 0.292902 0.702477 0.232868 
0.729989 0.198794 0.770172 0.727152 
0.359682 0.918085 0.501998 0.622390 
0.398033 0.696133 0.753345 0.183475 
0.080824 0.551629 0.851717 0.744005 
0.540144 0.548643 0.294651 0.629525 
0.617836 0.996085 0.487823 0.125407 
0.640765 0.384895 0.106011 0.908548 
0.424050 0.664928 0.393535 0.621017 
0.794598 0.153654 0.341479 0.683591 
0.815507 0.107468 0.966299 0.379291 
0.431783 0.546185 0.861299 0.489769 
0.479322 0.974714 0.151208 0.313495 
0.473956 0.520753 0.501087 0.560313 
0.418220 0.120894 0.451899 0.836550 
0.483234 0.790204 0.524302 0.376934 
0.734538 0.506604 0.582407 0.508400 
0.113622 0.818811 0.047335 0.795098 
0.998814 0.250849 0.591844 0.483493 
0.469217 0.871840 0.192859 0.616210 
0.338529 0.313695 0.802445 0.669924 
0.669238 0.184387 0.572118 0.523638 
0.534124 0.972326 0.208353 0.466565 
0.058648 0.768602 0.233395 0.788543 
0.242992 0.892759 0.355774 0.533100 
0.727057 0.351695 0.278767 0.368647 
0.457120 0.243939 0.569748 0.503644 
0.048858 0.940891 0.612532 0.472657 
0.466480 0.985062 0.738347 0.026751 
0.290370 0.802102 0.081729 0.725997 
0.148769 0.968588 0.142415 0.680250 
0.881361 0.211365 0.373754 0.646632 
0.973023 0.472135 0.180439 0.422565 
0.819910 0.075971 0.732785 0.117716 
0.162911 0.697280 0.854362 0.460040 
0.382758 0.254217 0.293058 0.883061 
0.369536 0.997567 0.050428 0.552276 
0.653889 0.507136 0.270528 0.520350 
0.070228 0.932514 0.519620 0.442708 
0.441290 0.714178 0.416201 0.728706 
0.133320 0.633882 0.694607 0.521311 
0.843474 0.436553 0.502060 0.139769 
0.507124 0.406054 0.370945 0.416199 
0.515857 0.377245 0.881665 0.382961 
0.517020 0.929638 0.703410 0.012707 
0.464388 0.144655 0.862145 0.127066 
0.342088 0.139746 0.660327 0.816153 
0.879054 0.487332 0.555156 0.098050 
0.020777 0.822574 0.613955 0.612458 
0.714036 0.438337 0.569728 0.150142 
0.345719 0.147509 0.424587 0.894621 
0.499172 0.403939 0.851345 0.268271 
0.427867 0.721884 0.471049 0.311203 
0.892773 0.830781 0.146562 0.093139 
0.271311 0.527342 0.720014 0.535567 
0.622220 0.559251 0.124270 0.845926 
0.419378 0.502463 0.460950 0.374142 
0.078271 0.115883 0.842087 0.631206 
0.596623 0.021613 0.575107 0.583512 
0.195234 0.245870 0.822614 0.636245 
0.471599 0.665253 0.939291 0.142888 
0.103908 0.670847 0.522913 0.741936 
0.345140 0.579458 0.811465 0.227881 
0.893825 0.798205 0.307451 0.189746 
0.259798 0.927978 0.118400 0.509087 
0.097176 0.296080 0.674582 0.967321 
0.564224 0.552354 0.461877 0.489315 
0.879188 0.430382 0.459715 0.344165 
0.300431 0.498331 0.480930 0.613355 
0.685396 0.430885 0.285430 0.461058 
0.113670 0.999818 0.794780 0.146200 
0.517033 0.744477 0.439608 0.164212 
0.268299 0.142826 0.671584 0.847041 
0.433452 0.609443 0.903494 0.145185 
0.616820 0.213456 0.483533 0.671773 
0.758831 0.001125 0.788236 0.296772 
0.353151 0.641577 0.208079 0.712002 
0.349783 0.384169 0.733728 0.763443 
0.598281 0.232122 0.608656 0.566914 
0.050813 0.892641 0.773994 0.243879 
0.550393 0.316271 0.824587 0.282971 
0.623648 0.454624 0.865507 0.228234 
0.499483 0.484918 0.303790 0.924337 
0.353059 0.965182 0.587154 0.188406 
0.587836 0.554435 0.222302 0.803685 
0.294271 0.422076 0.719414 0.402164 
0.382999 0.644162 0.656155 0.166722 
0.820051 0.062361 0.388903 0.622503 
0.418785 0.933406 0.379634 0.334113 
0.213890 0.917536 0.271975 0.525634 
0.165177 0.479158 0.818348 0.401299 
0.765064 0.469811 0.127606 0.593120 
0.337647 0.489905 0.897637 0.259018 
0.596476 0.637874 0.543066 0.107601 
0.260521 0.257137 0.997641 0.337644 
0.404141 0.273136 0.855529 0.269734 
0.736048 0.303114 0.742559 0.159308 
0.210688 0.692032 0.425083 0.747501 
0.111793 0.975522 0.679556 0.132343 
0.472538 0.607827 0.580170 0.432125 
0.355618 0.598485 0.293220 0.440152 
0.158380 0.664457 0.251457 0.810783 
0.147540 0.687506 0.365300 0.972052 
0.688371 0.326021 0.333587 0.904624 
0.572007 0.249346 0.598221 0.374882 
0.760954 0.101127 0.571544 0.795125 
0.438749 0.666016 0.343776 0.296237 
0.362984 0.620923 0.149397 0.876835 
0.509802 0.846758 0.763561 0.101737 
0.455015 0.324320 0.525859 0.838922 
0.825249 0.555614 0.499255 0.135368 
0.586643 0.482632 0.857404 0.019616 
0.408155 0.201216 0.809470 0.835478 
0.625558 0.524683 0.970631 0.009434 
0.338728 0.119246 0.382271 0.890348 
0.637855 0.764446 0.138413 0.529554 
0.732211 0.134422 0.098428 0.810570 
0.957104 0.511229 0.570449 0.208626 
0.840395 0.069746 0.436023 0.489294 
0.458962 0.466968 0.900298 0.425869 
0.215934 0.053414 0.938948 0.624663 
0.183486 0.897253 0.189902 0.799536 
0.344580 0.486864 0.815270 0.506365 
0.272601 0.612334 0.701241 0.285911 
0.710048 0.283217 0.555741 0.516604 
0.792043 0.618792 0.233962 0.483720 
0.238590 0.522999 0.603232 0.834420 
0.378336 0.220755 0.175817 0.904917 
0.417549 0.973442 0.413229 0.053671 
0.933043 0.104941 0.976842 0.072481 
0.427861 0.878013 0.316492 0.401551 
0.843449 0.288445 0.599536 0.227410 
0.138522 0.811951 0.691746 0.227008 
0.807642 0.333321 0.466616 0.574020 
0.205756 0.728236 0.582361 0.416785 
0.402714 0.820980 0.260988 0.554691 
0.534236 0.616424 0.093749 0.545180 
0.916517 0.193952 0.661272 0.209737 
0.564157 0.760589 0.739175 0.119099 
0.708953 0.003007 0.625469 0.818748 
0.076310 0.994206 0.380794 0.836363 
0.745057 0.317689 0.555339 0.485053 
0.476104 0.182890 0.688864 0.542363 
0.134931 0.277367 0.702892 0.868007 
0.148383 0.846351 0.035166 0.923509 
0.407668 0.327561 0.689078 0.892559 
0.255792 0.410879 0.827485 0.535638 
0.420450 0.283045 0.938166 0.210529 
0.494534 0.243013 0.481789 0.374785 
0.145464 0.790642 0.695285 0.512107 
0.465466 0.318228 0.937423 0.364860 
0.357848 0.977576 0.757972 0.260945 
0.630921 0.933104 0.163673 0.462749 
0.357670 0.911400 0.323996 0.701412 
0.281324 0.451894 0.831283 0.528401 
0.806923 0.304645 0.556356 0.342354 
0.894691 0.285805 0.313685 0.289827 
0.182468 0.979312 0.495049 0.520177 
0.352315 0.121969 0.816858 0.891944 
0.622831 0.251507 0.285224 0.890813 
0.771412 0.583490 0.271322 0.269102 
0.241442 0.305747 0.358243 0.872371 
0.329484 0.746914 0.877218 0.167179 
0.933126 0.573047 0.274400 0.368839 
0.788204 0.349251 0.709360 0.213224 
0.475875 0.248236 0.931937 0.606171 
0.571479 0.408137 0.218890 0.681663 
0.517708 0.409067 0.501436 0.632088 
0.603276 0.700219 0.596528 0.167091 
0.382690 0.139135 0.999404 0.316654 
0.085181 0.643936 0.426326 0.663448 
0.449059 0.566660 0.360122 0.550120 
0.850640 0.673054 0.481304 0.260172 
0.374790 0.764838 0.055103 0.882661 
0.191088 0.768660 0.304750 0.770077 
0.697172 0.652219 0.217651 0.542277 
0.319864 0.607214 0.667453 0.498533 
0.738422 0.390726 0.224618 0.441555 
0.027820 0.860073 0.129472 0.965115 
0.288832 0.344980 0.355469 0.832153 
0.455009 0.570652 0.707779 0.351016 
0.943238 0.280955 0.447822 0.133377 
0.448924 0.412088 0.486018 0.759327 
0.830756 0.414350 0.254055 0.596823 
0.566706 0.272936 0.755717 0.318211 
0.534229 0.540273 0.452764 0.796782 
0.009522 0.317495 0.271474 0.964225 
0.277527 0.890022 0.429968 0.424327 
0.735077 0.320286 0.200450 0.964143 
0.637308 0.331840 0.439838 0.655011 
0.810667 0.154240 0.601513 0.346174 
0.970981 0.642393 0.595057 0.105822 
0.477096 0.522087 0.898305 0.144190 
0.367822 0.746898 0.685571 0.136617 
0.605052 0.882573 0.298867 0.648328 
0.791954 0.124075 0.890452 0.098413 
0.192931 0.559041 0.425577 0.906958 
0.695873 0.444768 0.176512 0.671316 
0.296475 0.471861 0.417426 0.568756 
0.582187 0.559817 0.853748 0.296087 
0.283179 0.800231 0.536505 0.200595 
0.966315 0.882328 0.163670 0.061872 
0.378208 0.135718 0.554063 0.759600 
0.151541 0.351498 0.979224 0.866786 
0.602609 0.815122 0.047344 0.491021 
0.907711 0.225336 0.230741 0.528577 
0.747013 0.634866 0.430228 0.430815 
0.037625 0.622135 0.513678 0.661886 
0.279606 0.905923 0.264101 0.663542 
0.030420 0.394426 0.823550 0.846756 
0.746529 0.616509 0.379308 0.239160 
0.394208 0.615466 0.548335 0.530577 
0.754283 0.843012 0.523116 0.199624 
0.518072 0.235420 0.337455 0.978074 
0.088089 0.678599 0.545738 0.408625 
0.346672 0.634720 0.032094 0.939357 
0.729190 0.374846 0.646923 0.033955 
0.268297 0.633748 0.895831 0.283068 
0.203551 0.477358 0.448242 0.776055 
0.731944 0.143076 0.908937 0.047873 
0.318405 0.483978 0.365646 0.688676 
0.907638 0.028726 0.897562 0.309687 
0.479739 0.575193 0.331690 0.517740 
0.303911 0.892119 0.376383 0.322941 
0.080583 0.726797 0.468260 0.879713 
0.372434 0.436483 0.975812 0.456917 
0.584708 0.655198 0.200648 0.462978 
0.999976 0.005325 0.961680 0.036775 
0.583330 0.461050 0.369022 0.272373 
0.424778 0.596436 0.172778 0.832629 
0.143460 0.593619 0.692824 0.707763 
0.579888 0.621879 0.182804 0.725480 
0.220424 0.791695 0.871384 0.181832 
0.498336 0.528789 0.209266 0.506000 
0.971265 0.579118 0.038876 0.428198 
0.012526 0.429505 0.781365 0.822676 
0.432825 0.548409 0.738220 0.293702 
0.111978 0.378453 0.634505 0.701083 
0.907967 0.530996 0.406121 0.309212 
0.266576 0.706588 0.572069 0.265731 
0.197582 0.664215 0.794219 0.520848 
0.298615 0.264351 0.638323 0.947832 
0.870110 0.193997 0.015123 0.895005 
0.455561 0.475755 0.657060 0.578440 
0.972343 0.347701 0.400023 0.055213 
0.566382 0.961449 0.444575 0.184603 
0.035699 0.449263 0.783364 0.611427 
0.099609 0.526696 0.668966 0.396137 
0.063655 0.244855 0.715913 0.965954 
0.615016 0.586876 0.031201 0.498663 
0.711094 0.734897 0.405291 0.301186 
0.890484 0.601402 0.096750 0.028540 
0.337688 0.765286 0.355703 0.662143 
0.009323 0.812024 0.319313 0.813311 
0.606183 0.565003 0.378498 0.427162 
0.366019 0.620290 0.317319 0.456747 
0.224884 0.490265 0.737300 0.508441 
0.852713 0.483263 0.468234 0.005038 
0.591778 0.510713 0.569363 0.026581 
0.410406 0.381803 0.884117 0.357296 
0.400673 0.727531 0.059784 0.760337 
0.155721 0.624293 0.543992 0.932477 
0.162911 0.788792 0.579901 0.463312 
0.878294 0.478771 0.302748 0.449508 
0.760852 0.006644 0.606222 0.548359 
0.359960 0.807975 0.638852 0.408592 
0.235200 0.678250 0.845730 0.323776 
0.681387 0.592865 0.365563 0.078430 
0.792648 0.629022 0.209287 0.277784 
0.345947 0.628771 0.378476 0.456513 
0.833118 0.858352 0.257315 0.409738 
0.509410 0.767990 0.092772 0.247569 
0.334213 0.476291 0.478738 0.602018 
0.145493 0.281893 0.981587 0.480139 
0.795908 0.349647 0.107280 0.822968 
0.222465 0.892260 0.000707 0.584867 
0.914735 0.242598 0.208985 0.472917 
0.778397 0.896920 0.156602 0.195845 
0.671345 0.765221 0.561546 0.092367 
0.704367 0.806115 0.386093 0.354865 
0.514309 0.025153 0.549574 0.914101 
0.940826 0.167751 0.889859 0.145843 
0.774608 0.965220 0.130980 0.214689 
0.426627 0.288732 0.708501 0.820644 
0.685105 0.305834 0.681573 0.144732 
0.053703 0.913085 0.581041 0.231908 
0.442384 0.607532 0.394740 0.599001 
0.575525 0.215487 0.351919 0.937086 
0.640240 0.797452 0.779911 0.118535 
0.365395 0.294198 0.616830 0.543982 
0.206073 0.170249 0.724981 0.814399 
0.085122 0.742639 0.386636 0.793146 
0.703917 0.176028 0.732161 0.270219 
0.376270 0.162423 0.394412 0.985878 
0.588272 0.490676 0.907151 0.136490 
0.565899 0.060220 0.525664 0.756565 
0.291277 0.386980 0.497067 0.438654 
0.717077 0.637363 0.538082 0.391512 
0.125676 0.333886 0.923352 0.398272 
0.425764 0.278381 0.753450 0.348131 
0.321221 0.615836 0.369841 0.503153 
0.281385 0.508989 0.538063 0.783591 
0.242436 0.913330 0.636811 0.029189 
0.721578 0.220570 0.854688 0.132907 
0.393614 0.212796 0.431678 0.753738 
0.276930 0.806854 0.482115 0.545601 
0.682780 0.193935 0.709164 0.260374 
0.766203 0.446891 0.534016 0.314103 
0.680077 0.419442 0.563623 0.300684 
0.133627 0.071990 0.420838 0.823166 
0.424709 0.672008 0.182690 0.606288 
0.056785 0.912488 0.133064 0.814040 
0.713240 0.731464 0.581497 0.079823 
0.251569 0.799537 0.353363 0.553934 
0.457737 0.591770 0.521263 0.388036 
0.611491 0.090146 0.487324 0.781970 
0.015471 0.359100 0.706028 0.670982 
0.675661 0.502164 0.468028 0.175402 
0.290467 0.926853 0.172578 0.701403 
0.429009 0.493056 0.420739 0.921825 
0.679910 0.876101 0.017838 0.368035 
0.376839 0.408377 0.680346 0.563035 
0.776912 0.028996 0.246325 0.920536 
0.286362 0.328574 0.433787 0.607007 
0.138944 0.657272 0.290461 0.743379 
0.469321 0.226878 0.986373 0.356286 
0.244954 0.832682 0.157563 0.586035 
0.225987 0.378922 0.525259 0.672676 
0.530611 0.522914 0.364595 0.706376 
0.340720 0.554708 0.214757 0.852071 
0.964821 0.089216 0.207062 0.801321 
0.344536 0.235058 0.461922 0.917240 
0.399629 0.330263 0.666123 0.369238 
0.446959 0.515629 0.078318 0.796572 
0.432729 0.548224 0.154239 0.931777 
0.138713 0.500140 0.982606 0.572734 
0.374856 0.087077 0.943071 0.407535 
0.731649 0.432137 0.198245 0.695190 
0.729683 0.703759 0.271330 0.264493 
0.302483 0.862048 0.229894 0.604412 
0.653557 0.426441 0.597561 0.359204 
0.250886 0.815815 0.061440 0.379359 
0.455243 0.528550 0.513368 0.406654 
0.444343 0.084010 0.941546 0.679902 
0.017660 0.571582 0.784487 0.629725 
0.157780 0.740588 0.402817 0.697825 
0.026378 0.920614 0.301070 0.701264 
0.397657 0.884229 0.069352 0.414283 
0.479030 0.451313 0.902068 0.513804 
0.659639 0.564654 0.457886 0.375615 
0.689967 0.416267 0.271977 0.401154 
0.845414 0.202790 0.441066 0.270470 
0.137521 0.723311 0.447223 0.955846 
0.739850 0.467480 0.149364 0.448565 
0.115656 0.717769 0.320312 0.864110 
0.625110 0.319470 0.622301 0.662969 
0.636561 0.059236 0.790315 0.622036 
0.327230 0.979083 0.186195 0.643852 
0.720944 0.218450 0.369700 0.359994 
0.459535 0.885329 0.302001 0.721402 
0.880577 0.595962 0.254299 0.137574 
0.317694 0.390126 0.765508 0.393823 
0.845833 0.655478 0.052186 0.816905 
0.524514 0.614026 0.833708 0.055246 
0.438064 0.567436 0.729716 0.253544 
0.889751 0.436122 0.772442 0.194046 
0.582212 0.791308 0.485553 0.312856 
0.307601 0.644182 0.149633 0.671803 
0.249298 0.065393 0.844952 0.925402 
0.199865 0.717890 0.748786 0.319395 
0.741404 0.571871 0.902935 0.026269 
0.544145 0.619504 0.715514 0.277381 
0.531013 0.187546 0.750163 0.218304 
0.407044 0.405193 0.562052 0.601441 
0.195278 0.808448 0.183067 0.936000 
0.226348 0.471917 0.703971 0.401709 
0.668758 0.993794 0.235004 0.093319 
0.498911 0.608645 0.911331 0.061218 
0.408469 0.566497 0.318934 0.986289 
0.598758 0.633625 0.473357 0.559104 
