+0.010000	0.252184	0.471591	0.008843	0.118441	0.009404	0.152770
+0.060000	0.251126	0.470608	0.008819	0.064355	0.009432	0.070161
+0.110000	0.250826	0.470896	0.008647	0.040457	0.009196	0.043010
+0.160000	0.252877	0.470368	0.008802	0.034938	0.009311	0.031390
+0.210000	0.251359	0.469007	0.008374	0.026351	0.008883	0.027612
+0.260000	0.254279	0.475537	0.008929	0.027285	0.009385	0.025116
+0.310000	0.253123	0.472440	0.008763	0.025480	0.009162	0.022320
+0.360000	0.253249	0.471708	0.008559	0.022381	0.009365	0.020866
+0.410000	0.252358	0.469496	0.008533	0.019121	0.009390	0.019226
+0.460000	0.252316	0.469406	0.008629	0.020628	0.008804	0.018885
+0.510000	0.253020	0.474024	0.008659	0.017565	0.009466	0.020329
+0.560000	0.253067	0.467620	0.008910	0.015943	0.009403	0.018335
+0.610000	0.250349	0.463502	0.008543	0.015960	0.009130	0.017364
+0.660000	0.253396	0.456720	0.008574	0.016215	0.009359	0.017291
+0.710000	0.252303	0.452377	0.008713	0.015778	0.009237	0.017442
+0.760000	0.250396	0.451481	0.008214	0.014135	0.009162	0.015926
+0.810000	0.251734	0.442295	0.008871	0.015372	0.008412	0.016195
+0.860000	0.250567	0.438037	0.008918	0.013740	0.009489	0.016491
+0.910000	0.252667	0.433736	0.008616	0.012170	0.009152	0.015334
+0.960000	0.251179	0.433230	0.008660	0.011447	0.009018	0.011698
+1.010000	0.252111	0.422994	0.008366	0.009423	0.009175	0.011124
+1.060000	0.251115	0.420779	0.008423	0.008496	0.008886	0.009114
+1.110000	0.249375	0.413491	0.008011	0.008565	0.009146	0.009005
+1.160000	0.248988	0.409662	0.008849	0.008125	0.008638	0.007068
+1.210000	0.245816	0.403021	0.008035	0.007991	0.009058	0.007213
+1.260000	0.245279	0.397043	0.008175	0.007269	0.008662	0.007414
+1.310000	0.240334	0.391999	0.007977	0.007104	0.008865	0.006148
+1.360000	0.241628	0.383995	0.007426	0.005759	0.008629	0.005975
+1.410000	0.237306	0.381249	0.008246	0.006267	0.008439	0.005783
+1.460000	0.231445	0.376375	0.007748	0.006727	0.008341	0.005631
+1.510000	0.230994	0.372405	0.007985	0.005829	0.008359	0.005917
+1.560000	0.227302	0.365393	0.007677	0.005540	0.008469	0.004268
+1.610000	0.225564	0.361121	0.007427	0.004846	0.007839	0.003845
+1.660000	0.221248	0.357093	0.007506	0.004544	0.008167	0.003333
+1.710000	0.217883	0.350685	0.007477	0.004208	0.008327	0.003933
+1.760000	0.215926	0.347122	0.007468	0.003208	0.007504	0.003002
+1.810000	0.212999	0.340248	0.006772	0.001556	0.007708	0.001762
+1.860000	0.212338	0.335612	0.006321	0.000488	0.007025	0.000671
+1.910000	0.206230	0.330443	0.006956	0.000000	0.007154	0.000071
+1.960000	0.204892	0.326712	0.005902	0.000000	0.005998	0.000000
